Id,SalePrice
1461,127293.47166
1462,153865.82377
1463,173992.5923
1464,182218.3436
1465,200364.14061
1466,183909.59269
1467,167468.76687
1468,176348.40248
1469,183137.28718
1470,117921.08467
1471,195074.30167
1472,94707.97252
1473,97429.94853
1474,154048.63206
1475,144125.90401
1476,399897.10876
1477,253326.11715
1478,308292.5469
1479,247100.92604
1480,450193.2725
1481,322052.33215
1482,209766.20809
1483,177071.64844
1484,177970.36531
1485,173114.80903
1486,199445.21517
1487,335935.39043
1488,244017.65262
1489,211780.51896
1490,192043.10098
1491,191185.95091
1492,98092.75172
1493,181260.52753
1494,310034.31611
1495,291945.28143
1496,222667.61864
1497,193055.4702
1498,153973.17129
1499,152643.9298
1500,154875.10765
1501,175102.7764
1502,167839.37939
1503,301545.76413
1504,235078.70086
1505,216089.38448
1506,182836.64189
1507,216361.89365
1508,193344.00798
1509,163581.04373
1510,152022.91027
1511,151228.38587
1512,163216.80807
1513,158192.86182
1514,150686.81408
1515,175167.45698
1516,160872.26238
1517,154931.17353
1518,133185.98796
1519,221853.31903
1520,138903.59988
1521,145573.2268
1522,162015.43499
1523,115283.91474
1524,123216.46808
1525,124227.98926
1526,127715.59216
1527,101830.40453
1528,126887.25367
1529,142784.5554
1530,167870.10572
1531,134564.57436
1532,104147.20075
1533,144251.29224
1534,115407.41997
1535,146741.55351
1536,116613.61331
1537,76043.94265
1538,182168.34731
1539,240779.27149
1540,117028.46292
1541,149990.92954
1542,139899.62792
1543,223106.8897
1544,79969.70923
1545,104088.493
1546,123414.00043
1547,139239.86485
1548,132320.14442
1549,113759.03018
1550,141247.95458
1551,116197.14122
1552,147862.9
1553,145194.95755
1554,114042.15097
1555,161872.31981
1556,97359.31594
1557,117141.90415
1558,93061.88496
1559,126283.52216
1560,141033.80482
1561,136893.41699
1562,130110.73031
1563,124848.10527
1564,162742.1907
1565,156423.64555
1566,215390.50324
1567,79324.79392
1568,219567.99382
1569,143210.82193
1570,132864.16196
1571,130706.8264
1572,145907.20326
1573,237721.06795
1574,120132.59763
1575,207464.92097
1576,206972.64197
1577,205957.61483
1578,156589.17542
1579,140905.23929
1580,190493.49002
1581,144271.78729
1582,127381.27169
1583,323989.06028
1584,241104.92037
1585,140034.03461
1586,73532.57444
1587,109795.15866
1588,151936.7205
1589,104081.28479
1590,132600.97212
1591,107951.35801
1592,126696.10063
1593,118078.90791
1594,146179.08256
1595,125537.86287
1596,238987.40863
1597,162892.51381
1598,185863.17858
1599,220322.42368
1600,195055.39796
1601,78267.4041
1602,114329.22858
1603,96613.49464
1604,279131.51059
1605,254326.23963
1606,168534.39494
1607,171910.4088
1608,214116.0346
1609,201167.30774
1610,162259.83397
1611,152990.15101
1612,166902.68283
1613,168217.78922
1614,118795.99378
1615,86345.68286
1616,82472.85554
1617,88038.43278
1618,127546.10024
1619,138866.44384
1620,160306.1711
1621,138011.03387
1622,152529.08112
1623,277699.37445
1624,207047.40655
1625,128719.01445
1626,171741.50471
1627,184427.57519
1628,280220.37693
1629,175095.45455
1630,336015.27563
1631,237018.73013
1632,257819.3075
1633,170235.07772
1634,181696.90079
1635,180475.50748
1636,161368.0882
1637,179733.96687
1638,216015.38968
1639,181874.91578
1640,247713.40022
1641,179836.18454
1642,223661.8472
1643,228111.08539
1644,229084.06233
1645,179001.26504
1646,154344.50592
1647,162794.37124
1648,143749.70494
1649,140303.77647
1650,121679.29725
1651,124184.97967
1652,93349.91654
1653,98235.32005
1654,155553.43076
1655,156978.40718
1656,150927.35028
1657,153393.51241
1658,153211.38433
1659,145238.16386
1660,144169.51377
1661,428034.66906
1662,397015.79197
1663,377682.08204
1664,442874.30176
1665,320132.33593
1666,319071.68552
1667,348899.17833
1668,335958.12194
1669,303979.09674
1670,342187.39897
1671,252708.24674
1672,446392.20629
1673,301976.1342
1674,253886.66402
1675,187534.9883
1676,190756.40763
1677,213519.19068
1678,448099.30652
1679,369322.97322
1680,332274.67236
1681,275390.12085
1682,306937.56867
1683,188068.42521
1684,171479.97381
1685,174023.41675
1686,167956.75876
1687,168091.00119
1688,186386.13439
1689,189035.90312
1690,184239.44622
1691,174821.61775
1692,279365.21174
1693,170555.74952
1694,183606.81197
1695,170401.05772
1696,262777.04446
1697,172356.88858
1698,340696.32385
1699,343951.42717
1700,246137.37201
1701,266962.70682
1702,254561.86026
1703,253854.66626
1704,281413.44136
1705,245924.44757
1706,432990.58114
1707,222833.81296
1708,219320.63452
1709,287216.67587
1710,227701.22683
1711,273518.50686
1712,239898.60242
1713,243037.51469
1714,227674.73056
1715,202172.33119
1716,176513.63251
1717,166559.13414
1718,141896.33718
1719,205555.12126
1720,257937.20794
1721,166529.06089
1722,133063.37437
1723,156019.72609
1724,213474.25827
1725,230375.60168
1726,191094.05093
1727,171468.84249
1728,188471.85644
1729,165498.94368
1730,163878.19004
1731,129153.64423
1732,132297.39218
1733,122557.70483
1734,132429.50578
1735,131935.02553
1736,121646.69536
1737,358184.15628
1738,219044.01109
1739,271510.60054
1740,193089.72197
1741,180977.89469
1742,172911.19687
1743,174666.34748
1744,315849.6476
1745,252309.03484
1746,277580.02494
1747,220827.49884
1748,214080.39145
1749,161299.81335
1750,149998.52374
1751,231522.36997
1752,121343.10228
1753,148465.97567
1754,221161.05002
1755,165066.61883
1756,121043.97483
1757,119829.39635
1758,147233.13284
1759,159539.16564
1760,160796.54059
1761,152957.5446
1762,175601.55867
1763,170713.34927
1764,120691.94297
1765,164738.30987
1766,168949.39034
1767,200300.8555
1768,140810.14732
1769,166780.65884
1770,139957.14586
1771,138363.4088
1772,145071.63867
1773,144115.88183
1774,134375.57321
1775,133255.02957
1776,121257.31801
1777,117407.39068
1778,131361.0604
1779,119438.3568
1780,177838.0202
1781,132304.40835
1782,101676.21798
1783,133093.00651
1784,97525.3314
1785,116062.81227
1786,154935.2718
1787,167943.08767
1788,62502.99931
1789,93866.71499
1790,90411.54815
1791,181906.08201
1792,154443.81134
1793,136888.00399
1794,141297.0498
1795,137881.60883
1796,124518.31281
1797,111441.97722
1798,128298.8132
1799,115822.12985
1800,123386.4388
1801,133021.30693
1802,156908.15509
1803,155639.05869
1804,140681.64399
1805,135828.37231
1806,113460.92361
1807,136108.01982
1808,121854.77038
1809,127990.28306
1810,145716.70257
1811,115457.27949
1812,117084.61084
1813,120103.98975
1814,101277.77737
1815,62619.92053
1816,102990.07264
1817,127126.76565
1818,136457.55727
1819,116708.90592
1820,80979.3527
1821,124015.586
1822,150477.48849
1823,61083.19821
1824,136958.75038
1825,138332.01114
1826,103215.23715
1827,109510.35173
1828,133498.56393
1829,113164.26135
1830,145174.82225
1831,170984.25775
1832,114544.64277
1833,136915.71062
1834,140214.04089
1835,177567.49215
1836,130704.01434
1837,99814.09957
1838,134894.91457
1839,88879.42078
1840,166361.10294
1841,150879.80866
1842,91134.11067
1843,142193.51336
1844,135415.79762
1845,143962.62282
1846,151594.48127
1847,153075.70962
1848,65463.85932
1849,121670.69429
1850,130661.24234
1851,147878.00082
1852,127662.33644
1853,135857.01889
1854,174719.13832
1855,150600.38094
1856,224692.33717
1857,165662.20201
1858,140688.02894
1859,121812.41132
1860,154334.30694
1861,121684.57821
1862,278908.37513
1863,275583.93544
1864,275588.09523
1865,339931.90328
1866,340034.5975
1867,241544.92108
1868,287939.56545
1869,194615.60973
1870,245490.31263
1871,257406.78599
1872,171374.34117
1873,231236.41177
1874,139522.12741
1875,202103.79745
1876,192777.34346
1877,201254.09915
1878,209874.23309
1879,132355.90406
1880,136033.06312
1881,232699.6918
1882,260287.12358
1883,197559.1535
1884,219969.43345
1885,249281.91586
1886,288800.83374
1887,195844.17238
1888,269030.92154
1889,165303.50026
1890,136326.86057
1891,142073.73292
1892,112493.50262
1893,136196.19254
1894,132106.40702
1895,144701.21234
1896,122352.22329
1897,115515.26784
1898,107157.65154
1899,129746.05341
1900,149779.04886
1901,163046.48697
1902,130695.13561
1903,223092.42868
1904,139087.86192
1905,184439.48043
1906,152800.60425
1907,195485.41078
1908,121359.5881
1909,134234.69078
1910,128294.66456
1911,198269.22311
1912,271272.41514
1913,148195.83639
1914,64827.0786
1915,330874.59201
1916,72790.12594
1917,261292.58326
1918,136117.99116
1919,155674.33204
1920,160746.68865
1921,396200.42689
1922,337969.07439
1923,204951.60027
1924,243581.90937
1925,225650.30367
1926,377353.33373
1927,140614.62009
1928,156102.44526
1929,125695.76353
1930,134832.37654
1931,138755.86786
1932,137418.61104
1933,172159.28513
1934,176662.83591
1935,176124.86365
1936,188094.07935
1937,184452.19629
1938,168261.95376
1939,268499.21404
1940,200389.36023
1941,177519.30628
1942,194379.51895
1943,202313.73948
1944,317978.9834
1945,361920.08704
1946,165544.21297
1947,319132.35624
1948,173989.41758
1949,249290.60531
1950,180641.6383
1951,253864.18741
1952,253383.6781
1953,165379.8285
1954,209924.3231
1955,131802.89027
1956,271369.81335
1957,166753.03337
1958,306254.67996
1959,143532.89166
1960,116294.90978
1961,126415.262
1962,91347.50815
1963,102173.29459
1964,111752.20641
1965,152700.6821
1966,155352.25776
1967,296379.02582
1968,389803.84396
1969,370932.55958
1970,412255.0013
1971,424494.31901
1972,360605.23237
1973,271686.11638
1974,317440.83991
1975,453578.07566
1976,273837.26501
1977,359954.40808
1978,360005.71252
1979,346716.78
1980,195546.07446
1981,340992.32803
1982,233668.97316
1983,225426.77318
1984,167946.11504
1985,205024.11648
1986,207424.05038
1987,184804.10924
1988,179139.50665
1989,186387.04528
1990,219764.61617
1991,218637.51475
1992,216317.97265
1993,173435.23164
1994,242091.04922
1995,182918.89177
1996,257485.7838
1997,328126.783
1998,342951.63145
1999,254501.49782
2000,305340.26706
2001,271505.39777
2002,232354.2815
2003,252880.89182
2004,269045.17882
2005,233766.9001
2006,223944.78961
2007,249361.38113
2008,211397.23068
2009,197770.70193
2010,190747.70659
2011,150261.82366
2012,180581.0806
2013,182379.55377
2014,189903.43861
2015,196578.15512
2016,193105.96842
2017,206220.79504
2018,131379.88411
2019,132400.60096
2020,116651.36329
2021,116519.30847
2022,174714.02011
2023,153453.86307
2024,218133.43251
2025,373245.38924
2026,185151.57756
2027,151331.08109
2028,152469.42353
2029,169358.04881
2030,281873.53558
2031,264205.60618
2032,280978.70688
2033,271106.10199
2034,164463.21569
2035,206835.31262
2036,189900.51859
2037,191395.66086
2038,336016.3889
2039,214276.51496
2040,397954.82243
2041,281250.97845
2042,206217.211
2043,167207.03151
2044,171546.18506
2045,239340.43114
2046,137750.99793
2047,150160.63446
2048,136813.29575
2049,138255.91355
2050,173233.053
2051,108286.59333
2052,137421.88029
2053,144355.96239
2054,87420.18062
2055,157274.88743
2056,131802.23254
2057,128038.88076
2058,217705.08927
2059,126707.46684
2060,157106.18286
2061,171586.78277
2062,138367.22989
2063,116404.10372
2064,138939.3452
2065,118842.67909
2066,176441.39983
2067,134283.32135
2068,140205.77672
2069,86303.13029
2070,110155.03354
2071,96046.70434
2072,141114.81638
2073,134525.9736
2074,180464.75528
2075,146722.06061
2076,121897.71312
2077,149386.07468
2078,131096.13477
2079,130824.88158
2080,117512.90578
2081,120543.17106
2082,133551.50567
2083,147308.82105
2084,113729.34375
2085,134595.0448
2086,116653.59461
2087,122011.86003
2088,107578.42847
2089,94256.75111
2090,133110.18787
2091,127572.20095
2092,138507.30354
2093,132681.57793
2094,138844.57421
2095,145875.13996
2096,89864.96511
2097,99756.81792
2098,147494.09521
2099,63133.42076
2100,120544.82401
2101,124925.22808
2102,146827.30519
2103,107041.44351
2104,128849.90138
2105,131361.24095
2106,79731.9621
2107,254066.00787
2108,119358.65882
2109,116758.59374
2110,122695.13838
2111,157262.34546
2112,137129.77386
2113,116278.24452
2114,110154.73481
2115,143528.22202
2116,113817.25657
2117,144909.66904
2118,118562.90284
2119,109677.24365
2120,111955.56808
2121,115461.36161
2122,104941.52299
2123,93702.6538
2124,190118.06714
2125,132551.01032
2126,163365.39233
2127,151293.19735
2128,133224.2364
2129,106472.42334
2130,139943.39911
2131,157997.35933
2132,115860.25032
2133,116322.57556
2134,118728.51641
2135,108886.62932
2136,83388.51379
2137,117708.64763
2138,136669.92701
2139,152762.74026
2140,137023.37844
2141,138248.00124
2142,139502.80049
2143,147561.0779
2144,114436.55109
2145,135811.38537
2146,149446.51833
2147,152562.42003
2148,126009.1452
2149,133901.25502
2150,244159.74471
2151,136053.7496
2152,164417.65208
2153,155507.14074
2154,108065.47959
2155,129751.17144
2156,219275.45548
2157,238404.09552
2158,233424.19673
2159,220992.13953
2160,172828.98257
2161,252150.14046
2162,429315.12726
2163,351664.30866
2164,264804.23418
2165,178676.44731
2166,144536.75724
2167,201788.38114
2168,209896.39556
2169,193659.43958
2170,221459.76887
2171,144759.477
2172,140938.32926
2173,165088.79897
2174,243392.81787
2175,307786.9219
2176,311885.04367
2177,255935.85952
2178,224314.80572
2179,146584.44337
2180,179406.08652
2181,194196.49149
2182,228026.39392
2183,194710.72509
2184,138296.55246
2185,126454.62484
2186,143330.90881
2187,150480.33785
2188,156796.38965
2189,196153.91404
2190,85187.31098
2191,89244.4198
2192,91685.42553
2193,99421.63237
2194,104990.5301
2195,111795.59632
2196,110624.59653
2197,109706.69453
2198,158739.16292
2199,164707.81677
2200,129920.51336
2201,134768.43001
2202,197822.995
2203,168048.66611
2204,172083.52185
2205,116719.94868
2206,134749.21866
2207,237947.01183
2208,229920.98137
2209,181060.21064
2210,126128.95833
2211,114885.32649
2212,114302.06813
2213,103935.89152
2214,144367.68464
2215,104980.1568
2216,143550.44766
2217,71926.53771
2218,91104.09731
2219,73357.53909
2220,82784.95934
2221,332467.73406
2222,252961.23136
2223,270720.32631
2224,215822.73672
2225,140950.56791
2226,179611.70068
2227,199518.22145
2228,280439.73761
2229,242045.33762
2230,162084.53015
2231,213587.98345
2232,180414.12573
2233,174265.24107
2234,252901.64644
2235,195416.35982
2236,270731.58279
2237,344568.5756
2238,200186.21514
2239,123348.59924
2240,164517.9493
2241,150296.26546
2242,136830.69624
2243,137095.17462
2244,93998.38498
2245,93335.17689
2246,145045.70982
2247,102218.47821
2248,125587.79279
2249,126914.69991
2250,135839.40822
2251,132187.02897
2252,175067.62283
2253,157542.86966
2254,179871.46571
2255,187537.31655
2256,181850.65157
2257,195681.90024
2258,174344.14648
2259,179434.39057
2260,150741.9935
2261,193257.33307
2262,204480.33499
2263,329578.95882
2264,443995.26069
2265,168017.73068
2266,297394.35605
2267,352789.1881
2268,382940.72866
2269,164702.86549
2270,183393.78813
2271,246026.93474
2272,202933.31914
2273,164916.98058
2274,171602.35783
2275,164800.77086
2276,170027.52514
2277,177262.59577
2278,154811.62539
2279,127756.92214
2280,118711.18049
2281,177392.99473
2282,174470.21358
2283,96905.59765
2284,109752.61691
2285,150269.97293
2286,128467.87284
2287,344895.48749
2288,276061.92155
2289,368033.51203
2290,414367.03802
2291,315287.69747
2292,402830.03838
2293,438743.69523
2294,393384.21329
2295,434407.39915
2296,285013.4331
2297,317418.45146
2298,333074.43833
2299,375744.16732
2300,321384.68186
2301,291346.81607
2302,227364.00377
2303,256821.7192
2304,244418.24043
2305,185862.66253
2306,186035.51553
2307,187956.37664
2308,222721.96879
2309,285695.54777
2310,231337.50137
2311,192090.30495
2312,179001.35256
2313,174329.97147
2314,175513.35762
2315,172299.93569
2316,185788.21609
2317,178742.44189
2318,172949.23329
2319,175832.54679
2320,180731.02519
2321,250290.58568
2322,168075.25084
2323,182897.84503
2324,168184.38043
2325,223389.20905
2326,167262.63022
2327,214021.71686
2328,220799.4796
2329,182597.95187
2330,178270.178
2331,348863.48304
2332,401619.91393
2333,312154.03834
2334,259207.55238
2335,264643.2273
2336,323633.24614
2337,200419.34584
2338,272865.66867
2339,236661.77408
2340,379901.81993
2341,219648.31328
2342,243433.5003
2343,221729.37127
2344,235942.66197
2345,241009.40053
2346,219814.10462
2347,197301.8148
2348,230674.37502
2349,162662.86302
2350,291404.48679
2351,265041.08999
2352,247315.80486
2353,212144.44354
2354,131500.44118
2355,157955.89848
2356,153204.11862
2357,199896.27845
2358,198369.69109
2359,125413.76352
2360,125288.90473
2361,138722.67023
2362,267497.19783
2363,142443.0437
2364,150993.34132
2365,220513.24835
2366,196811.88495
2367,239623.33235
2368,202060.64529
2369,229078.55773
2370,168132.27388
2371,168497.80501
2372,172169.61312
2373,261438.09423
2374,299312.93844
2375,251310.16703
2376,260899.94105
2377,337114.8052
2378,139743.36634
2379,188196.31283
2380,142747.32299
2381,160635.71785
2382,185768.12952
2383,214364.30929
2384,246006.18411
2385,150970.84969
2386,141633.58864
2387,134044.03118
2388,101371.04072
2389,125497.10277
2390,140015.68381
2391,133169.42497
2392,115054.60853
2393,161836.5834
2394,145948.54439
2395,198689.00177
2396,151718.72232
2397,198941.42638
2398,130461.39156
2399,60613.84192
2400,59362.40267
2401,119707.80479
2402,137829.87017
2403,136673.55782
2404,141696.31891
2405,160576.35088
2406,134646.97449
2407,127554.79633
2408,137891.53533
2409,136560.57093
2410,164227.38296
2411,121545.19944
2412,152179.57066
2413,140610.84347
2414,133136.75649
2415,132523.16834
2416,125592.10879
2417,133186.56456
2418,129997.4822
2419,132396.57163
2420,124254.41163
2421,146758.75579
2422,123111.61089
2423,132773.06375
2424,153013.39788
2425,177737.98823
2426,124502.68912
2427,141110.57198
2428,171263.22568
2429,116313.00787
2430,129191.16657
2431,114446.69607
2432,136654.93396
2433,144546.28159
2434,145307.13862
2435,153179.26335
2436,108861.75801
2437,114063.21281
2438,119356.67316
2439,114205.62807
2440,123959.85254
2441,105752.57594
2442,104406.30821
2443,115830.75096
2444,128426.60649
2445,91282.48485
2446,134439.69079
2447,217794.62053
2448,144648.80127
2449,114502.46804
2450,154382.4709
2451,124970.79759
2452,215009.35177
2453,98389.34584
2454,125578.24747
2455,104672.92439
2456,135265.87092
2457,116947.41667
2458,111515.18392
2459,112097.25597
2460,141044.0428
2461,118870.38809
2462,136498.44117
2463,117208.71521
2464,160878.71792
2465,131136.8972
2466,118830.52919
2467,157005.40728
2468,94496.51812
2469,93316.4281
2470,178476.99234
2471,205034.02916
2472,172195.23272
2473,114996.38565
2474,109076.81792
2475,232536.73895
2476,109635.29665
2477,131204.87806
2478,160609.91106
2479,115563.58322
2480,144838.30824
2481,126090.45321
2482,132584.89376
2483,120646.16861
2484,130414.93621
2485,128193.21153
2486,154691.23021
2487,184417.40846
2488,153909.19637
2489,145392.90575
2490,153628.72255
2491,91541.48425
2492,184364.54428
2493,136299.71588
2494,159579.6868
2495,100663.94604
2496,228265.56097
2497,144879.32014
2498,116159.04543
2499,92867.24026
2500,132691.32102
2501,133131.74681
2502,142401.23298
2503,103000.85454
2504,191875.16163
2505,218009.22033
2506,257708.45008
2507,323338.37141
2508,256186.32985
2509,219391.50038
2510,232044.44228
2511,187774.32388
2512,217770.51929
2513,219049.08549
2514,254620.42593
2515,149447.6201
2516,156126.11827
2517,134424.77786
2518,144320.59059
2519,229540.09129
2520,208347.77156
2521,194127.13873
2522,221666.03724
2523,131118.29605
2524,138077.11179
2525,142889.23448
2526,139267.42135
2527,123359.30671
2528,131188.31629
2529,128920.87574
2530,111095.4306
2531,232993.37576
2532,232569.45307
2533,199146.45893
2534,250823.95831
2535,302560.43473
2536,233873.4901
2537,229679.33207
2538,187314.77691
2539,188103.08399
2540,176353.34945
2541,182447.53153
2542,166051.80736
2543,128295.59975
2544,136152.44377
2545,132591.78454
2546,146236.53377
2547,137426.08445
2548,156223.40317
2549,162531.43623
2550,385539.80684
2551,144620.96551
2552,126860.45208
2553,87592.47204
2554,120575.43608
2555,112540.5496
2556,105016.10778
2557,115307.11673
2558,152845.22208
2559,134900.79708
2560,127422.29343
2561,141544.13921
2562,137990.8059
2563,148759.47027
2564,171516.53511
2565,126142.201
2566,153413.55961
2567,130160.9214
2568,184162.57948
2569,187528.6142
2570,125822.12324
2571,178410.38269
2572,192675.9258
2573,249974.122
2574,307814.2641
2575,123552.67283
2576,131036.84739
2577,149828.29628
2578,97744.48276
2579,83146.92082
2580,135654.19083
2581,134157.91668
2582,114278.91502
2583,275368.01513
2584,160565.69321
2585,177032.99236
2586,199392.52947
2587,197614.28523
2588,153543.72988
2589,143935.77713
2590,227472.74218
2591,217172.49159
2592,228032.50984
2593,257834.89799
2594,176925.11002
2595,213858.2827
2596,325782.55541
2597,182501.12141
2598,274768.01608
2599,332811.36091
2600,157837.22317
2601,141218.12976
2602,85616.85083
2603,91723.07456
2604,85674.97786
2605,85951.05605
2606,144102.37758
2607,173846.04692
2608,195482.33233
2609,168328.75775
2610,113343.56284
2611,142230.94438
2612,153691.68738
2613,127577.81938
2614,126061.98275
2615,151312.58947
2616,139672.93768
2617,167448.62584
2618,181289.36541
2619,236519.20372
2620,184527.50436
2621,183339.22649
2622,189031.46779
2623,255456.19998
2624,274011.88311
2625,322069.73684
2626,164262.40217
2627,187123.94251
2628,416233.03337
2629,543759.92675
2630,354486.60324
2631,457263.17625
2632,405928.75511
2633,318374.00695
2634,378522.88449
2635,149621.44857
2636,195075.10038
2637,163299.46175
2638,254709.13811
2639,179491.69059
2640,152318.7065
2641,108941.16775
2642,184230.72751
2643,111413.51005
2644,128376.22535
2645,98067.84318
2646,91880.50314
2647,97972.76552
2648,137524.88818
2649,139713.0786
2650,150698.71533
2651,153983.39767
2652,426979.21409
2653,256066.84688
2654,248680.25773
2655,356169.38332
2656,321820.30477
2657,325874.81573
2658,284568.9757
2659,302731.21142
2660,321115.5976
2661,336966.97946
2662,334174.97345
2663,274314.42893
2664,285673.04054
2665,324767.35091
2666,297752.82034
2667,168781.80821
2668,179851.10861
2669,176930.80055
2670,288717.15283
2671,181098.69364
2672,180908.78912
2673,199588.24425
2674,196806.67363
2675,173116.55686
2676,187373.5614
2677,193043.89941
2678,258060.78247
2679,282722.27267
2680,277845.33177
2681,406430.93394
2682,328907.48536
2683,520222.37174
2684,313502.9941
2685,347807.71276
2686,263744.4126
2687,310309.4756
2688,234239.83643
2689,215681.20877
2690,452198.64662
2691,189524.22512
2692,138839.80522
2693,193188.01887
2694,133893.54156
2695,192285.2493
2696,187464.69981
2697,194838.94934
2698,197584.82905
2699,176344.70807
2700,167289.06651
2701,150675.82975
2702,120636.14384
2703,137527.72911
2704,139056.97691
2705,127897.64527
2706,122500.57802
2707,126986.98545
2708,136511.38157
2709,111095.35037
2710,124494.3418
2711,278582.1848
2712,366006.91433
2713,179132.93849
2714,149773.91588
2715,172033.05705
2716,166922.90734
2717,183152.37379
2718,235829.47196
2719,156734.57967
2720,167397.76369
2721,142679.32232
2722,165833.02251
2723,143934.62243
2724,128326.13759
2725,137838.54361
2726,148591.7345
2727,160031.71846
2728,170372.13492
2729,156885.97102
2730,145637.2308
2731,119022.46694
2732,119456.40383
2733,158801.69079
2734,151847.64543
2735,134752.99457
2736,145863.79
2737,122658.35341
2738,136962.14022
2739,159551.38309
2740,138141.78151
2741,148924.2216
2742,152101.17857
2743,149411.09081
2744,146296.4999
2745,138063.07085
2746,134106.73532
2747,158587.83244
2748,125041.67978
2749,130073.45101
2750,136773.30833
2751,130128.09473
2752,237209.76568
2753,152037.23137
2754,190239.86554
2755,126509.92551
2756,97008.69951
2757,73655.75698
2758,90026.12006
2759,154974.07194
2760,142399.72975
2761,148698.127
2762,147144.04994
2763,182497.97358
2764,171116.449
2765,269880.07325
2766,140181.48857
2767,91549.74341
2768,131207.90155
2769,125278.24911
2770,153492.53418
2771,118561.73674
2772,124523.30134
2773,145817.79873
2774,138352.22254
2775,132918.4021
2776,144202.30501
2777,150256.2031
2778,127337.12671
2779,125338.25991
2780,109970.05099
2781,104034.94691
2782,100183.20367
2783,106883.93262
2784,127686.53614
2785,140524.74602
2786,79932.2234
2787,117195.55574
2788,89193.8148
2789,223838.09136
2790,93458.01877
2791,121813.35509
2792,84367.27968
2793,168374.21692
2794,105644.88861
2795,116141.88317
2796,102001.48758
2797,195299.6196
2798,126267.09288
2799,119356.84363
2800,78577.49933
2801,112496.13112
2802,136882.23806
2803,159127.82871
2804,149731.61789
2805,95977.91639
2806,96539.67899
2807,152313.30056
2808,149491.66562
2809,133457.01973
2810,137468.43583
2811,160672.89528
2812,144700.99535
2813,156692.99442
2814,151492.81101
2815,98328.82903
2816,269592.01638
2817,144951.56405
2818,132480.66234
2819,178840.18309
2820,130597.15964
2821,107452.35876
2822,190316.55165
2823,232798.02862
2824,180951.84262
2825,157162.92
2826,136834.32632
2827,138713.24598
2828,208274.83863
2829,177588.04237
2830,234539.66017
2831,192158.41653
2832,213407.20154
2833,295540.21439
2834,218105.70834
2835,219237.12153
2836,194008.95479
2837,162915.76647
2838,146950.77474
2839,183774.65384
2840,192619.6464
2841,204071.95618
2842,220216.06593
2843,149293.84204
2844,154773.32351
2845,124025.98894
2846,214021.49588
2847,198953.69313
2848,216427.15353
2849,212239.70271
2850,276820.79277
2851,237737.82111
2852,226527.26727
2853,237845.22918
2854,139148.97485
2855,194876.24048
2856,211208.39719
2857,190970.47962
2858,193765.20207
2859,145803.5325
2860,125556.55393
2861,126837.43805
2862,192967.04948
2863,120999.36012
2864,260548.60155
2865,141371.50376
2866,134404.80008
2867,96136.97892
2868,115775.02868
2869,124831.77583
2870,150805.2785
2871,110635.50717
2872,63465.28081
2873,106625.55006
2874,134091.51768
2875,111752.59066
2876,160171.59363
2877,140242.63927
2878,167818.87089
2879,137845.33671
2880,105988.62394
2881,149671.97299
2882,160152.84095
2883,168403.17324
2884,180976.92667
2885,189100.9115
2886,183647.80774
2887,102764.51189
2888,124777.27111
2889,63227.07744
2890,88984.40343
2891,139252.29029
2892,61665.68905
2893,111411.0443
2894,64576.59116
2895,308490.23521
2896,285359.07796
2897,195839.84323
2898,153299.18328
2899,236400.9553
2900,159918.04488
2901,191073.03907
2902,182955.5347
2903,336820.60714
2904,340551.79532
2905,123398.45441
2906,195866.94951
2907,117383.69939
2908,129324.90208
2909,145718.2773
2910,83209.79966
2911,85770.05981
2912,157538.6707
2913,88211.00999
2914,85470.15954
2915,85257.1064
2916,85705.29175
2917,151571.77917
2918,114402.98367
2919,229265.05682
