Id,SalePrice
1461,132147.03
1462,158381.918
1463,171397.948
1464,181534.0
1465,202812.996
1466,184267.478
1467,165185.346
1468,174213.86
1469,181234.648
1470,112419.974
1471,198089.174
1472,103367.2
1473,95357.4
1474,150397.08
1475,133924.642
1476,396699.204
1477,257968.878
1478,306655.234
1479,240685.83
1480,441329.56
1481,312981.124
1482,209103.88
1483,175133.046
1484,169378.60666666666
1485,171176.66506666667
1486,206431.398
1487,356603.254
1488,257766.698
1489,200145.068
1490,194154.984
1491,188019.43
1492,102816.974
1493,182287.778
1494,311472.316
1495,307620.004
1496,222026.39
1497,184000.182
1498,152088.1368
1499,152390.21573333335
1500,148879.94933333332
1501,173142.566
1502,150976.5730666667
1503,303728.098
1504,235160.17
1505,212905.224
1506,181045.164
1507,219971.432
1508,203791.654
1509,166140.998
1510,150441.106
1511,153696.428
1512,166533.592
1513,165963.33
1514,176238.258
1515,159424.646
1516,173491.036
1517,150006.4
1518,136113.048
1519,219756.814
1520,138784.0
1521,146406.118
1522,166898.608
1523,116819.808
1524,122691.838
1525,130662.9
1526,133326.266
1527,91314.99
1528,124213.4
1529,140316.398
1530,160332.992
1531,116246.864
1532,102735.148
1533,145450.926
1534,117803.96
1535,149054.942
1536,110531.042
1537,80036.468
1538,191374.024
1539,236546.66
1540,130564.85
1541,166368.164
1542,144380.148
1543,220440.862
1544,79245.284
1545,99999.574
1546,127299.354
1547,138328.386
1548,134974.286
1549,109235.096
1550,144970.752
1551,115625.78
1552,129547.74
1553,146914.668
1554,111110.576
1555,161741.326
1556,111850.164
1557,132634.64
1558,98681.088
1559,127623.52
1560,138241.964
1561,146477.554
1562,121351.95
1563,123111.39
1564,166038.806
1565,154231.028
1566,197823.24
1567,85774.262
1568,217279.32
1569,147942.262
1570,129778.656
1571,126078.046
1572,138552.4
1573,250289.9
1574,146853.378
1575,198742.386
1576,203576.876
1577,199768.394
1578,157639.868
1579,144147.31933333335
1580,193361.13
1581,143395.512
1582,123213.94
1583,341663.438
1584,237723.996
1585,142824.45714285714
1586,70793.242
1587,107597.816
1588,147077.326
1589,108627.242
1590,129513.536
1591,108388.724
1592,113446.012
1593,115407.302
1594,157248.516
1595,137691.126
1596,244294.668
1597,169712.528
1598,187359.6
1599,205673.59
1600,192512.774
1601,60876.944
1602,115426.162
1603,95643.582
1604,260966.146
1605,263087.702
1606,168625.322
1607,203830.834
1608,207835.604
1609,195681.94
1610,158049.068
1611,157196.384
1612,160240.96
1613,157899.866
1614,118077.142
1615,82282.422
1616,78025.858
1617,85176.0
1618,124892.694
1619,140708.43533333336
1620,158742.226
1621,145847.768
1622,145384.998
1623,302060.878
1624,204707.3
1625,135716.682
1626,175784.344
1627,189287.2
1628,289559.624
1629,177531.96
1630,324885.512
1631,238721.174
1632,259424.436
1633,167114.35666666666
1634,175256.716
1635,183035.794
1636,158312.826
1637,166213.738
1638,215970.64
1639,182695.21
1640,256011.728
1641,183432.2
1642,223109.766
1643,237408.842
1644,232185.188
1645,169112.472
1646,155574.248
1647,162958.046
1648,137648.416
1649,135133.616
1650,112399.498
1651,116937.348
1652,97628.0
1653,94664.1
1654,155496.4
1655,158017.166
1656,150463.18
1657,155503.5
1658,149834.98
1659,141236.608
1660,143226.65
1661,442282.946
1662,399203.208
1663,390627.662
1664,459708.76
1665,320577.744
1666,337984.058
1667,349032.53
1668,341868.496
1669,292545.344
1670,353296.584
1671,264188.058
1672,465257.01
1673,297412.518
1674,253854.248
1675,186846.612
1676,190302.992
1677,214913.052
1678,452057.808
1679,367607.516
1680,323113.734
1681,261494.146
1682,304319.094
1683,179798.556
1684,169847.924
1685,173403.52
1686,166486.978
1687,165117.81106666668
1688,187724.804
1689,185843.518
1690,183637.696
1691,167837.87066666665
1692,275280.892
1693,169203.91306666666
1694,186335.78
1695,171667.968
1696,276873.024
1697,172693.218
1698,356208.632
1699,349415.614
1700,231347.508
1701,265086.414
1702,269533.54
1703,268873.51
1704,305737.806
1705,258259.814
1706,455498.398
1707,214258.486
1708,215953.464
1709,299408.378
1710,232757.246
1711,257738.456
1712,248212.076
1713,245073.57
1714,219263.692
1715,203662.558
1716,193787.018
1717,174816.536
1718,145600.884
1719,204015.072
1720,270192.412
1721,176479.83
1722,133140.902
1723,156622.496
1724,212973.274
1725,238785.122
1726,186934.9
1727,174077.092
1728,185878.62
1729,165126.778
1730,170441.546
1731,131963.454
1732,128504.102
1733,111756.796
1734,132212.7
1735,125503.4
1736,123701.4
1737,369514.518
1738,213247.148
1739,299450.328
1740,177765.804
1741,181566.282
1742,172611.966
1743,175879.346
1744,298744.148
1745,254129.984
1746,285020.19
1747,223056.796
1748,211988.788
1749,165719.328
1750,154349.604
1751,231373.92
1752,124723.494
1753,146072.648
1754,220766.52
1755,168960.514
1756,113746.062
1757,120812.426
1758,144388.234
1759,159788.028
1760,161398.6
1761,163497.1
1762,156740.598
1763,170475.28
1764,121100.16
1765,170053.21
1766,168272.78
1767,193262.548
1768,136514.9
1769,167027.876
1770,135126.3
1771,140447.1
1772,142780.15
1773,138160.964
1774,140960.72
1775,136763.866
1776,126351.09
1777,117407.132
1778,124340.146
1779,117692.798
1780,173425.67
1781,131798.002
1782,94442.03171428571
1783,132220.868
1784,83960.104
1785,111179.4
1786,132169.498
1787,155084.2
1788,55265.586
1789,108063.532
1790,76746.512
1791,207439.254
1792,149157.83
1793,147765.886
1794,138019.76
1795,146039.2
1796,122722.106
1797,132229.31323809523
1798,124930.98
1799,107851.856
1800,118663.84
1801,124057.472
1802,155574.1
1803,159350.1
1804,140075.68
1805,136543.6
1806,113274.092
1807,171739.6
1808,125750.502
1809,127949.888
1810,144076.698
1811,124421.306
1812,126062.456
1813,119247.668
1814,94086.07
1815,66536.13
1816,96996.968
1817,130846.986
1818,138058.574
1819,112783.432
1820,70769.442
1821,122688.528
1822,166639.574
1823,68239.288
1824,131256.598
1825,130121.714
1826,101615.9
1827,106415.7
1828,137495.76
1829,113744.742
1830,168352.6
1831,173481.06
1832,142675.812
1833,162592.992
1834,127924.056
1835,166673.27
1836,137948.954
1837,92979.074
1838,142409.492
1839,76292.144
1840,168546.034
1841,155680.372
1842,97520.96
1843,141709.5
1844,134831.11266666668
1845,144178.39
1846,155516.818
1847,152790.694
1848,65489.432
1849,124619.768
1850,128978.568
1851,151886.382
1852,129571.96
1853,135998.226
1854,171811.798
1855,155522.19266666667
1856,216233.226
1857,146065.544
1858,147461.386
1859,122753.57
1860,156302.196
1861,122320.694
1862,298155.202
1863,295751.32
1864,295854.32
1865,327700.134
1866,341129.152
1867,249867.512
1868,297893.852
1869,203294.52
1870,249457.082
1871,244545.68
1872,169030.208
1873,227436.422
1874,138325.074
1875,206210.428
1876,192240.98
1877,206536.61
1878,213036.922
1879,136398.96
1880,135202.05371428572
1881,233185.074
1882,261272.042
1883,199716.9
1884,224330.334
1885,249247.2
1886,289104.99
1887,204015.206
1888,281688.076
1889,162267.12933333335
1890,132575.472
1891,142242.01333333334
1892,116419.13
1893,144225.822
1894,135835.96
1895,147900.98
1896,126704.584
1897,117706.394
1898,99269.438
1899,116908.38
1900,138573.004
1901,156757.034
1902,159099.618
1903,243481.802
1904,137368.718
1905,177382.966
1906,154113.822
1907,213737.972
1908,118753.55626666667
1909,133427.306
1910,127951.026
1911,192349.556
1912,257812.73
1913,124984.834
1914,80522.774
1915,305742.282
1916,77566.93
1917,266258.462
1918,137222.8373333333
1919,158624.15
1920,149939.182
1921,399643.1
1922,330559.838
1923,186300.02
1924,240831.724
1925,222535.972
1926,384022.956
1927,140132.118
1928,159893.754
1929,116367.186
1930,134659.85266666667
1931,138312.55266666666
1932,140932.784
1933,156353.044
1934,182637.38
1935,177399.62
1936,190137.4
1937,188567.108
1938,169502.098
1939,255619.3
1940,201952.086
1941,178482.298
1942,195697.76
1943,193459.692
1944,310815.808
1945,352293.196
1946,170422.584
1947,313674.39
1948,184323.536
1949,246885.524
1950,180704.342
1951,265647.344
1952,274152.04
1953,167033.118
1954,206587.33
1955,135013.88
1956,306675.508
1957,172504.504
1958,309383.834
1959,149701.916
1960,118790.168
1961,125334.4
1962,93632.1
1963,97689.432
1964,117779.368
1965,152311.8
1966,148412.05
1967,282617.854
1968,400552.958
1969,370125.964
1970,442175.166
1971,425368.822
1972,368628.09
1973,265406.498
1974,311868.56
1975,460131.644
1976,267584.998
1977,350259.57
1978,387206.582
1979,348790.636
1980,197453.382
1981,336053.668
1982,237591.15
1983,221494.396
1984,170213.19
1985,201291.754
1986,213689.256
1987,174676.1096
1988,176750.67
1989,188241.248
1990,222293.35
1991,217951.53
1992,221631.502
1993,170464.452
1994,253593.968
1995,186420.98
1996,249536.11
1997,325528.086
1998,351479.378
1999,244951.694
2000,304863.082
2001,253217.588
2002,234717.496
2003,258651.65
2004,272637.846
2005,241031.812
2006,224315.752
2007,255022.54
2008,195765.576
2009,195536.85
2010,189388.99240000002
2011,151999.012
2012,178933.12
2013,180319.904
2014,185465.26
2015,196888.328
2016,190922.7
2017,205644.406
2018,131673.116
2019,119997.206
2020,117143.79
2021,120706.796
2022,175779.328
2023,153446.314
2024,216138.288
2025,361718.952
2026,175640.818
2027,147375.02093333335
2028,155702.98906666666
2029,173381.766
2030,289175.594
2031,260428.16
2032,292024.114
2033,277465.828
2034,160908.5
2035,207579.678
2036,185756.734
2037,186225.37
2038,332011.08
2039,204078.034
2040,432812.756
2041,260462.72
2042,202826.82371428574
2043,170970.262
2044,169437.906
2045,250386.05
2046,142391.778
2047,146752.508
2048,134126.858
2049,138205.19
2050,183942.42
2051,103056.562
2052,143884.892
2053,143279.5
2054,72493.464
2055,157958.512
2056,127722.672
2057,127207.06
2058,213228.826
2059,139633.1
2060,152546.628
2061,178504.628
2062,139831.1
2063,115003.98
2064,140703.488
2065,135424.454
2066,204181.578
2067,118771.136
2068,146463.146
2069,90038.604
2070,110515.18
2071,80006.454
2072,145308.502
2073,132424.256
2074,162208.208
2075,146799.636
2076,126533.786
2077,149199.512
2078,131995.766
2079,134536.95
2080,115305.56
2081,125611.76533333334
2082,136780.4
2083,144415.964
2084,110201.612
2085,136233.924
2086,134030.726
2087,121563.228
2088,112966.624
2089,93994.842
2090,129723.832
2091,124183.852
2092,133703.526
2093,142330.268
2094,136821.89
2095,168081.0
2096,95560.316
2097,88374.048
2098,148672.084
2099,52707.188
2100,124233.516
2101,122224.904
2102,144043.78
2103,95615.022
2104,141471.694
2105,126798.952
2106,87876.248
2107,260641.898
2108,118437.868
2109,116475.936
2110,113297.728
2111,158449.434
2112,137017.044
2113,115749.276
2114,107647.924
2115,143833.332
2116,105252.57
2117,144402.262
2118,119549.048
2119,102767.52
2120,101594.2
2121,113101.17
2122,78439.452
2123,96901.286
2124,221688.028
2125,138395.572
2126,168983.714
2127,147386.278
2128,128268.406
2129,98122.086
2130,157138.958
2131,166349.922
2132,118866.284
2133,111548.548
2134,114013.21
2135,103351.276
2136,94239.872
2137,118500.17
2138,140886.316
2139,153198.186
2140,132498.4
2141,134387.2126666667
2142,137478.642
2143,152078.91
2144,133279.086
2145,127935.8
2146,151460.186
2147,151028.504
2148,128723.838
2149,136559.316
2150,246466.514
2151,127893.302
2152,165266.768
2153,152702.512
2154,113826.742
2155,128327.972
2156,231133.84
2157,222206.242
2158,235145.7
2159,210837.99
2160,165403.93478095243
2161,267404.792
2162,463669.492
2163,347999.55
2164,255391.928
2165,175665.4
2166,144459.274
2167,206319.392
2168,205870.03
2169,194732.382
2170,223754.386
2171,150436.974
2172,140762.036
2173,168990.222
2174,241402.618
2175,321072.128
2176,322790.816
2177,266404.12
2178,223114.468
2179,145333.41777777777
2180,206119.356
2181,190816.944
2182,233220.02
2183,210997.558
2184,143265.2
2185,129049.242
2186,147847.386
2187,149773.708
2188,152595.476
2189,169576.814
2190,89683.258
2191,91423.758
2192,96928.642
2193,95030.648
2194,98943.172
2195,112207.766
2196,107137.172
2197,108638.366
2198,155906.806
2199,171182.206
2200,119947.492
2201,127901.002
2202,192054.28
2203,178346.9
2204,160883.398
2205,116993.31
2206,134508.08
2207,230786.996
2208,223539.56
2209,178761.484
2210,123564.17038095238
2211,112632.8
2212,107355.606
2213,102580.0
2214,138571.496
2215,93610.136
2216,148865.252
2217,80508.72
2218,103324.032
2219,75949.328
2220,66531.004
2221,292146.034
2222,235318.406
2223,270948.35
2224,218205.948
2225,152425.204
2226,171465.568
2227,197503.092
2228,267344.298
2229,244050.326
2230,156769.964
2231,207506.47
2232,184912.438
2233,174573.352
2234,263344.838
2235,190476.08
2236,277168.446
2237,352492.676
2238,202723.502
2239,134964.264
2240,161850.426
2241,153083.594
2242,134437.608
2243,128417.126
2244,87709.116
2245,89125.444
2246,145185.668
2247,91279.872
2248,125698.0
2249,126820.72
2250,138184.93333333332
2251,143489.27
2252,177274.81
2253,156575.214
2254,180667.112
2255,192149.2
2256,181180.07
2257,193097.202
2258,173947.494
2259,173991.092
2260,155525.302
2261,185337.83
2262,201362.266
2263,329999.648
2264,444292.538
2265,172352.076
2266,286559.516
2267,340391.74
2268,385237.038
2269,168055.556
2270,174600.26
2271,246949.298
2272,201600.478
2273,165004.248
2274,171114.224
2275,188786.042
2276,174078.922
2277,181098.8
2278,160715.978
2279,121360.97
2280,119883.268
2281,178283.122
2282,175404.156
2283,91409.8
2284,107810.344
2285,142935.958
2286,126843.132
2287,333143.768
2288,275555.964
2289,385618.186
2290,433828.744
2291,311064.15
2292,413722.624
2293,457064.116
2294,435998.666
2295,455840.544
2296,296618.032
2297,303979.618
2298,314515.734
2299,392027.352
2300,315406.872
2301,265909.67
2302,232739.046
2303,252810.12
2304,252993.526
2305,189012.17
2306,189378.178
2307,185659.266
2308,221934.338
2309,281007.094
2310,225324.08
2311,193046.886
2312,181961.384
2313,176161.55
2314,170497.03533333333
2315,173322.972
2316,186829.052
2317,173615.582
2318,173663.372
2319,177505.742
2320,185573.396
2321,249524.656
2322,163505.986
2323,184357.776
2324,169441.71306666665
2325,223745.916
2326,165160.66706666668
2327,212961.71
2328,221474.69
2329,180218.08
2330,176447.978
2331,355880.078
2332,422531.266
2333,325286.03
2334,262334.934
2335,253496.626
2336,334045.796
2337,217636.642
2338,278636.754
2339,239255.834
2340,382327.98
2341,220764.81
2342,258024.238
2343,216720.464
2344,238132.798
2345,254788.152
2346,223918.922
2347,195441.948
2348,235757.718
2349,163241.644
2350,278175.84
2351,237824.486
2352,257848.016
2353,219450.88
2354,135616.266
2355,150851.848
2356,154590.55
2357,202469.864
2358,193654.012
2359,120281.284
2360,128685.3
2361,134655.48
2362,287302.834
2363,142765.7
2364,154519.1
2365,223696.258
2366,185564.082
2367,232632.754
2368,203225.154
2369,223641.996
2370,171767.366
2371,174679.192
2372,187887.732
2373,257727.99
2374,307240.428
2375,256187.884
2376,260115.512
2377,336610.948
2378,133368.538
2379,180522.594
2380,143832.618
2381,161109.636
2382,172431.896
2383,217049.038
2384,232885.474
2385,151782.8
2386,144455.25
2387,132680.1
2388,103427.828
2389,127509.736
2390,143197.168
2391,134703.292
2392,111873.002
2393,163266.13
2394,143611.588
2395,187272.88
2396,155218.4
2397,202536.488
2398,124189.744
2399,68061.53
2400,54486.884
2401,120165.966
2402,133191.07
2403,137676.018
2404,141144.51
2405,150971.9
2406,133359.4
2407,129775.246
2408,134844.61
2409,129910.856
2410,162673.448
2411,126291.016
2412,149029.918
2413,135383.768
2414,132580.884
2415,140566.01
2416,132278.976
2417,130396.21
2418,123029.85
2419,137489.012
2420,124323.618
2421,146657.282
2422,127470.04
2423,122765.618
2424,139852.474
2425,175360.73
2426,121852.28
2427,129524.5
2428,167656.35
2429,112117.144
2430,131012.38933333334
2431,118923.78
2432,131595.0
2433,138127.342
2434,144534.236
2435,152106.516
2436,106638.282
2437,123149.296
2438,126152.782
2439,113873.62
2440,129024.254
2441,105067.75
2442,101846.224
2443,105788.578
2444,120689.654
2445,102890.686
2446,110796.244
2447,219361.134
2448,153663.448
2449,111463.022
2450,165284.1
2451,115535.782
2452,212052.382
2453,97326.432
2454,111748.034
2455,106658.86
2456,139355.506
2457,116327.064
2458,104525.326
2459,112939.158
2460,141323.946
2461,117160.452
2462,123094.172
2463,117106.108
2464,160649.11
2465,136542.374
2466,127605.328
2467,151021.098
2468,102850.354
2469,106430.768
2470,202660.856
2471,215292.574
2472,195211.148
2473,116104.928
2474,117899.418
2475,238355.9
2476,115330.824
2477,131492.594
2478,166461.558
2479,124771.156
2480,144155.864
2481,133692.318
2482,125127.548
2483,124263.2
2484,132952.386
2485,128328.632
2486,158940.936
2487,170355.484
2488,145042.548
2489,148003.58
2490,146908.668
2491,95983.528
2492,189285.472
2493,132156.314
2494,170084.188
2495,112932.574
2496,225575.882
2497,143855.2
2498,118861.546
2499,94689.608
2500,132610.328
2501,138865.754
2502,140803.906
2503,110850.872
2504,201406.0
2505,208746.904
2506,263879.044
2507,339680.428
2508,263419.97
2509,224180.822
2510,228673.272
2511,183508.61
2512,213587.988
2513,225127.164
2514,249394.744
2515,152785.7
2516,157466.0846666667
2517,131390.532
2518,139712.072
2519,229164.278
2520,209824.48
2521,191031.094
2522,222647.622
2523,133051.53333333333
2524,139431.486
2525,144190.034
2526,145741.222
2527,133585.54
2528,134041.14
2529,126550.772
2530,104689.46
2531,239354.912
2532,234507.31
2533,196795.756
2534,261999.334
2535,316625.276
2536,240501.26
2537,224078.31
2538,187998.744
2539,189209.542
2540,179548.446
2541,181643.092
2542,149627.566
2543,123924.994
2544,139801.668
2545,132916.152
2546,144683.342
2547,139010.798
2548,153787.454
2549,152552.02066666668
2550,367703.458
2551,145527.39666666667
2552,125685.694
2553,91459.758
2554,121829.77
2555,102165.05
2556,102350.12
2557,113908.872
2558,167031.57
2559,130589.29
2560,116689.894
2561,129514.6472
2562,131139.028
2563,136014.726
2564,156042.93571428573
2565,118537.884
2566,131461.484
2567,128868.918
2568,193171.748
2569,181085.578
2570,122236.96
2571,162555.824
2572,187910.41
2573,260870.948
2574,302686.7
2575,129269.208
2576,133553.62
2577,163044.672
2578,97218.18
2579,74527.778
2580,128002.696
2581,131743.836
2582,113750.608
2583,261775.652
2584,163600.408
2585,174131.048
2586,204122.876
2587,206574.296
2588,155045.862
2589,142116.246
2590,218391.124
2591,220890.54
2592,230933.23
2593,248709.884
2594,177142.862
2595,208695.454
2596,323638.732
2597,185176.618
2598,277500.392
2599,321561.568
2600,163307.298
2601,144992.2333333333
2602,84341.8
2603,88140.616
2604,82172.1
2605,80959.192
2606,143134.02
2607,170623.208
2608,179300.232
2609,155146.264
2610,111190.48
2611,159722.144
2612,157466.348
2613,126564.9
2614,127330.6
2615,158475.05
2616,138613.7
2617,156830.902
2618,186043.396
2619,229123.604
2620,187251.86
2621,187524.41
2622,188918.76
2623,254021.99
2624,256817.716
2625,347645.168
2626,164341.22
2627,183332.67
2628,398883.09
2629,593513.704
2630,332280.306
2631,454218.354
2632,392170.59
2633,314216.486
2634,377647.26
2635,147007.746
2636,196043.412
2637,167061.3
2638,253800.302
2639,180479.14
2640,153914.2
2641,116663.582
2642,186963.014
2643,111944.3676
2644,124410.696
2645,96586.0
2646,97440.2
2647,96346.12
2648,138909.774
2649,137673.684
2650,143664.578
2651,150836.08
2652,429913.024
2653,262527.176
2654,258478.258
2655,379296.66
2656,323287.426
2657,317705.792
2658,262357.556
2659,296417.212
2660,317852.442
2661,345693.976
2662,353956.052
2663,291319.186
2664,273976.188
2665,320074.372
2666,287645.272
2667,169755.442
2668,175113.1
2669,176591.3
2670,284937.742
2671,177546.728
2672,184756.364
2673,199386.226
2674,195287.312
2675,164779.58906666667
2676,186021.602
2677,200647.356
2678,263268.142
2679,289766.876
2680,280719.47
2681,422178.156
2682,326099.118
2683,509929.344
2684,300357.86
2685,355857.722
2686,264829.664
2687,310055.756
2688,233305.458
2689,219336.024
2690,445415.662
2691,187813.26
2692,138102.522
2693,191346.81
2694,136376.122
2695,188270.31
2696,186589.876
2697,193840.992
2698,200159.2
2699,173530.366
2700,164995.582
2701,153102.562
2702,123732.452
2703,144182.992
2704,142472.072
2705,132020.7
2706,123894.264
2707,119965.588
2708,138718.272
2709,117035.1
2710,125531.4
2711,271126.0
2712,367438.824
2713,169052.442
2714,149871.88520000002
2715,173953.67
2716,152317.80199999997
2717,177970.376
2718,235351.04
2719,157324.04
2720,159068.572
2721,145156.886
2722,154218.808
2723,140335.81933333335
2724,128046.298
2725,137875.85
2726,146247.148
2727,149221.768
2728,169638.856
2729,153272.21
2730,144657.936
2731,116889.8
2732,112057.726
2733,161166.96
2734,131751.524
2735,136298.15
2736,136868.034
2737,122308.25
2738,134528.61
2739,160908.652
2740,135125.2
2741,144496.65
2742,152577.344
2743,145686.572
2744,144047.95
2745,135477.85
2746,134898.972
2747,155124.36
2748,121912.574
2749,130223.288
2750,139956.058
2751,130434.666
2752,252309.954
2753,153915.866
2754,174662.564
2755,132575.044
2756,78520.996
2757,79753.828
2758,67964.88
2759,157758.264
2760,124589.004
2761,146167.8
2762,147077.5
2763,178683.372
2764,169288.492
2765,273078.714
2766,138484.806
2767,93634.94571428571
2768,133341.22
2769,135894.674
2770,161245.83466666666
2771,125026.328
2772,124352.11
2773,126909.902
2774,139729.81
2775,125062.73
2776,156476.978
2777,154477.832
2778,127885.4792
2779,113567.096
2780,111990.842
2781,105494.962
2782,94964.656
2783,95676.122
2784,131323.468
2785,140651.396
2786,58653.016
2787,123561.868
2788,80235.352
2789,222299.106
2790,94518.048
2791,121386.272
2792,92810.052
2793,156449.286
2794,100373.05
2795,121058.68
2796,106250.056
2797,213996.23
2798,139608.688
2799,115875.416
2800,90410.044
2801,112769.2
2802,138413.328
2803,177371.058
2804,146963.7
2805,99430.944
2806,106078.954
2807,147776.72
2808,147589.2
2809,134374.364
2810,141192.7
2811,158491.52
2812,143572.62
2813,149290.8
2814,147197.72
2815,109191.472
2816,289030.84
2817,145531.174
2818,130739.086
2819,168536.77
2820,127703.97
2821,112307.236
2822,199598.612
2823,231114.488
2824,166904.884
2825,142186.44
2826,128033.29
2827,142339.136
2828,215775.08
2829,190313.296
2830,234221.08
2831,189637.514
2832,213807.174
2833,267653.988
2834,219504.876
2835,217192.412
2836,192701.7
2837,159635.282
2838,147302.97
2839,177787.494
2840,195117.246
2841,208439.0
2842,220533.61
2843,149060.718
2844,162922.634
2845,125518.9
2846,216568.858
2847,202660.5
2848,222137.162
2849,214112.408
2850,288260.252
2851,247276.774
2852,229589.428
2853,228552.47
2854,141231.79904761902
2855,194996.218
2856,212155.402
2857,191383.01
2858,200616.346
2859,132729.264
2860,122707.296
2861,154612.628
2862,196879.458
2863,125140.96666666667
2864,263968.62
2865,142242.01333333334
2866,135511.46071428573
2867,80496.016
2868,125678.306
2869,127877.906
2870,161924.948
2871,113555.45
2872,52602.66
2873,112498.032
2874,143811.028
2875,126031.792
2876,155786.75
2877,144541.112
2878,161220.08
2879,141428.354
2880,119093.208
2881,144699.826
2882,152698.578
2883,173593.234
2884,171874.112
2885,188612.716
2886,182976.236
2887,112623.444
2888,125229.888
2889,71652.906
2890,74458.24
2891,142587.336
2892,75850.876
2893,117089.16
2894,58953.862
2895,285376.272
2896,267767.998
2897,200229.696
2898,176744.72
2899,234276.888
2900,159837.366
2901,208764.998
2902,184779.89
2903,342996.444
2904,347755.086
2905,128152.616
2906,202112.646
2907,118123.938
2908,127037.9
2909,141394.814
2910,80953.4
2911,84283.8
2912,154340.552
2913,85148.4
2914,78719.858
2915,77947.858
2916,85149.216
2917,154008.79
2918,112594.516
2919,235255.472
