Id,SalePrice
1460,127210.057
1461,152448.309
1462,179187.763
1463,187682.316
1464,197134.797
1465,183159.726
1466,170728.455
1467,174980.408
1468,180705.661
1469,124696.716
1470,198499.448
1471,95958.534
1472,101978.421
1473,152414.896
1474,125852.128
1475,390152.958
1476,251903.507
1477,310215.047
1478,291600.09
1479,456389.008
1480,314833.771
1481,207755.151
1482,184180.496
1483,173556.798
1484,174442.704
1485,199819.53
1486,326879.561
1487,241297.472
1488,209901.687
1489,209838.404
1490,190968.769
1491,97638.547
1492,178400.518
1493,309055.599
1494,284397.763
1495,224080.195
1496,185677.306
1497,156938.407
1498,154256.693
1499,162423.92
1500,173149.892
1501,161327.72
1502,288142.636
1503,233972.476
1504,216076.403
1505,178746.809
1506,245048.732
1507,188955.005
1508,160620.797
1509,150699.879
1510,149328.124
1511,169440.66
1512,147458.061
1513,148102.256
1514,199348.242
1515,157153.948
1516,153138.843
1517,136766.478
1518,220614.986
1519,137740.158
1520,143090.592
1521,162163.124
1522,116746.266
1523,121988.411
1524,126133.576
1525,127760.807
1526,108933.655
1527,127436.167
1528,142032.552
1529,166649.234
1530,140576.775
1531,104010.001
1532,141673.618
1533,116217.872
1534,148687.327
1535,121155.4
1536,95574.997
1537,165663.272
1538,219089.382
1539,125106.109
1540,142784.02
1541,137813.498
1542,195272.393
1543,85984.817
1544,103005.201
1545,125749.13
1546,135210.802
1547,127412.264
1548,114604.905
1549,139200.073
1550,118524.819
1551,147676.869
1552,144022.725
1553,116968.593
1554,165981.028
1555,100088.485
1556,112992.481
1557,94728.087
1558,120558.814
1559,144485.643
1560,153009.496
1561,128437.858
1562,123920.484
1563,161251.787
1564,156693.875
1565,221714.042
1566,83826.5
1567,216996.643
1568,149291.717
1569,138497.237
1570,130836.226
1571,143000.934
1572,231907.524
1573,131998.112
1574,215178.518
1575,233565.03
1576,203755.966
1577,147425.328
1578,141874.648
1579,187844.455
1580,143196.267
1581,127451.659
1582,318917.165
1583,241977.883
1584,140312.2
1585,80966.059
1586,110604.041
1587,146671.966
1588,103770.124
1589,132191.158
1590,106889.107
1591,127957.609
1592,121828.738
1593,141542.516
1594,132431.446
1595,229023.344
1596,168857.411
1597,188599.924
1598,186877.464
1599,188610.168
1600,79466.687
1601,113657.987
1602,97215.034
1603,280429.515
1604,255991.771
1605,169190.537
1606,173897.313
1607,217864.312
1608,197665.638
1609,163661.288
1610,154049.397
1611,181484.676
1612,174407.826
1613,120956.28
1614,88890.8
1615,84575.061
1616,89748.548
1617,126199.597
1618,138054.494
1619,175046.027
1620,143886.511
1621,141548.808
1622,270339.863
1623,215752.929
1624,126527.217
1625,168661.202
1626,182068.495
1627,269761.664
1628,176989.511
1629,326177.927
1630,214085.557
1631,254490.103
1632,172598.148
1633,187809.499
1634,181038.009
1635,167164.746
1636,186181.761
1637,205271.993
1638,180320.374
1639,243313.598
1640,176870.894
1641,226772.875
1642,228073.264
1643,228294.556
1644,183459.499
1645,157003.631
1646,161637.238
1647,141843.948
1648,139685.745
1649,121727.747
1650,124306.017
1651,94217.5
1652,98306.871
1653,155400.92
1654,147225.693
1655,147814.592
1656,153882.603
1657,157265.941
1658,132396.981
1659,153785.135
1660,434657.925
1661,375493.288
1662,372084.399
1663,441753.693
1664,316572.595
1665,319751.903
1666,356375.433
1667,335998.886
1668,300023.129
1669,346562.473
1670,249168.529
1671,439119.521
1672,299255.387
1673,253370.217
1674,194609.698
1675,195693.051
1676,213366.546
1677,435825.669
1678,377283.201
1679,331602.614
1680,260568.398
1681,313280.254
1682,189623.579
1683,172996.397
1684,175342.917
1685,170212.914
1686,169249.647
1687,188526.654
1688,190454.929
1689,184761.507
1690,178276.567
1691,275454.805
1692,172061.259
1693,182217.846
1694,170546.228
1695,269695.04
1696,170971.029
1697,329235.636
1698,339306.847
1699,249984.66
1700,264649.841
1701,255103.635
1702,255753.804
1703,275623.625
1704,240196.98
1705,419354.057
1706,223157.662
1707,215030.667
1708,269509.015
1709,226566.329
1710,282095.943
1711,257048.844
1712,256870.484
1713,220137.524
1714,203475.841
1715,180873.951
1716,166530.515
1717,136255.112
1718,208236.957
1719,252911.918
1720,166021.881
1721,129361.077
1722,157374.155
1723,212308.598
1724,229400.751
1725,197267.008
1726,177358.328
1727,186765.39
1728,165132.138
1729,165567.513
1730,127674.204
1731,131253.205
1732,120595.946
1733,131165.665
1734,134018.483
1735,120220.587
1736,320671.414
1737,218682.661
1738,287689.63
1739,218587.629
1740,188530.744
1741,172471.884
1742,175664.98
1743,292943.189
1744,224674.378
1745,246848.975
1746,217118.254
1747,218866.321
1748,163452.132
1749,143291.571
1750,224728.101
1751,119170.05
1752,148627.876
1753,199935.521
1754,166154.903
1755,124128.029
1756,119660.94
1757,151285.744
1758,160588.318
1759,163925.488
1760,149795.141
1761,182045.323
1762,174430.914
1763,121489.151
1764,173889.403
1765,168581.709
1766,202852.251
1767,141602.253
1768,166538.529
1769,144990.659
1770,135680.935
1771,144212.902
1772,143134.237
1773,142365.51
1774,132618.717
1775,121729.28
1776,114467.829
1777,133636.651
1778,124110.511
1779,174082.392
1780,130290.34
1781,104073.433
1782,140510.784
1783,106447.22
1784,114662.934
1785,161682.751
1786,169611.693
1787,69090.425
1788,98307.497
1789,94864.003
1790,187184.656
1791,154318.458
1792,145800.099
1793,140734.747
1794,138440.599
1795,134502.648
1796,115551.469
1797,128538.746
1798,113658.25
1799,129958.001
1800,130703.288
1801,144142.336
1802,155659.506
1803,141853.748
1804,136227.655
1805,118175.169
1806,133244.917
1807,123718.099
1808,126492.895
1809,146824.016
1810,113880.421
1811,109622.662
1812,119583.055
1813,99428.745
1814,67922.991
1815,104576.881
1816,136539.266
1817,143109.825
1818,122532.997
1819,88396.269
1820,121809.074
1821,155504.344
1822,63915.531
1823,137627.612
1824,141351.292
1825,107087.001
1826,109350.538
1827,134579.764
1828,117255.381
1829,137605.977
1830,154505.368
1831,119254.614
1832,138195.345
1833,134547.666
1834,149087.475
1835,128994.062
1836,99118.128
1837,132763.503
1838,96929.869
1839,163777.952
1840,142868.479
1841,97579.745
1842,142982.434
1843,139221.285
1844,146626.276
1845,155747.557
1846,166029.72
1847,68804.724
1848,122040.592
1849,129437.937
1850,154243.526
1851,128444.596
1852,141823.691
1853,169739.654
1854,168800.498
1855,222227.976
1856,188830.565
1857,147039.657
1858,121442.842
1859,152877.254
1860,121761.492
1861,285269.652
1862,280247.986
1863,280247.986
1864,342616.055
1865,336152.988
1866,238624.005
1867,287335.389
1868,196850.683
1869,234489.09
1870,263037.252
1871,172961.822
1872,233449.651
1873,138433.462
1874,199548.281
1875,198317.857
1876,202772.838
1877,212968.675
1878,131045.078
1879,135105.884
1880,240002.581
1881,254506.695
1882,199300.78
1883,215401.908
1884,244938.698
1885,288208.836
1886,201568.502
1887,262881.141
1888,169557.861
1889,133391.762
1890,143092.294
1891,112570.781
1892,132356.2
1893,131681.013
1894,147194.084
1895,122848.346
1896,122140.392
1897,117109.936
1898,145219.611
1899,135044.46
1900,163822.702
1901,140278.821
1902,207535.706
1903,141531.815
1904,184672.163
1905,151182.162
1906,197815.571
1907,119672.211
1908,135657.788
1909,127089.097
1910,196124.917
1911,277788.781
1912,150139.414
1913,69555.141
1914,326779.35
1915,79473.501
1916,256696.205
1917,134981.873
1918,161754.328
1919,171588.177
1920,395443.144
1921,332822.819
1922,202216.289
1923,221575.103
1924,221215.11
1925,372780.698
1926,138676.358
1927,156812.051
1928,123607.336
1929,138600.394
1930,142914.836
1931,144349.371
1932,181477.489
1933,178299.754
1934,176351.691
1935,186665.718
1936,182563.42
1937,178202.01
1938,269887.952
1939,196085.662
1940,177695.427
1941,190041.224
1942,197590.488
1943,333486.763
1944,362300.646
1945,164233.024
1946,308383.188
1947,169922.994
1948,235847.131
1949,177327.178
1950,253404.449
1951,231917.692
1952,169678.1
1953,194502.139
1954,134071.7
1955,279197.393
1956,166157.973
1957,304483.963
1958,143207.08
1959,117968.558
1960,125245.538
1961,92421.0
1962,100958.651
1963,112881.524
1964,146784.109
1965,146359.477
1966,296623.366
1967,409554.019
1968,370967.155
1969,417024.185
1970,408797.404
1971,353406.283
1972,271142.192
1973,327166.15
1974,436548.328
1975,273116.756
1976,364701.197
1977,356236.822
1978,340054.375
1979,197400.607
1980,340159.474
1981,231498.476
1982,224168.103
1983,168413.678
1984,214839.008
1985,213630.729
1986,182607.373
1987,180127.7
1988,191692.763
1989,220649.421
1990,220536.502
1991,215002.789
1992,173792.002
1993,236247.931
1994,182698.486
1995,258267.366
1996,324339.653
1997,337151.538
1998,259759.286
1999,299755.662
2000,278997.558
2001,244588.023
2002,255263.061
2003,271060.981
2004,232710.316
2005,222775.394
2006,251898.33
2007,206134.931
2008,202116.638
2009,191254.464
2010,141397.921
2011,179107.633
2012,183575.994
2013,193350.098
2014,198175.689
2015,201304.085
2016,202962.27
2017,131822.683
2018,131801.392
2019,114896.983
2020,115187.939
2021,172841.699
2022,150531.714
2023,243347.031
2024,342476.391
2025,183032.433
2026,156867.451
2027,153532.611
2028,172495.186
2029,272546.371
2030,231764.168
2031,253421.369
2032,256178.857
2033,165756.607
2034,204202.054
2035,185306.572
2036,186704.184
2037,294563.886
2038,211929.468
2039,344041.164
2040,270317.432
2041,202882.712
2042,163511.339
2043,169505.902
2044,214206.947
2045,138840.981
2046,149041.694
2047,136590.904
2048,139180.122
2049,175942.319
2050,113774.8
2051,137282.864
2052,143070.287
2053,92998.02
2054,162472.163
2055,140846.141
2056,126559.687
2057,225239.458
2058,139845.811
2059,157625.47
2060,170556.603
2061,137212.789
2062,116724.505
2063,137736.031
2064,117093.063
2065,178725.512
2066,141135.876
2067,144188.955
2068,88161.256
2069,109377.99
2070,102576.036
2071,138808.03
2072,140118.618
2073,174550.61
2074,145300.874
2075,119801.958
2076,149114.484
2077,130291.745
2078,131548.158
2079,119566.505
2080,121187.571
2081,134654.319
2082,141045.55
2083,113217.09
2084,134684.41
2085,126599.652
2086,124083.114
2087,110314.838
2088,92943.212
2089,133842.529
2090,123196.844
2091,130250.453
2092,136174.469
2093,125776.917
2094,145170.231
2095,89919.277
2096,100133.104
2097,143836.026
2098,66818.693
2099,120524.027
2100,126356.915
2101,137122.17
2102,109416.528
2103,132777.863
2104,128417.192
2105,85273.79
2106,207394.072
2107,119311.353
2108,117602.873
2109,130527.91
2110,148722.877
2111,140587.028
2112,118394.484
2113,112838.409
2114,147106.701
2115,118723.275
2116,146410.845
2117,124018.787
2118,110885.084
2119,118448.02
2120,112549.008
2121,107999.933
2122,96398.955
2123,164756.972
2124,131344.222
2125,152780.79
2126,150985.427
2127,133494.375
2128,107384.124
2129,140676.103
2130,155560.667
2131,118594.614
2132,118564.286
2133,125644.412
2134,107749.279
2135,91932.303
2136,121259.321
2137,137410.916
2138,153237.555
2139,135669.259
2140,140917.096
2141,139276.341
2142,146506.121
2143,122678.441
2144,135655.675
2145,156341.047
2146,158987.752
2147,131454.34
2148,142755.592
2149,212926.977
2150,120209.872
2151,169245.625
2152,161667.987
2153,105842.783
2154,135535.565
2155,248018.798
2156,224636.609
2157,235261.348
2158,214633.236
2159,171517.509
2160,249532.027
2161,395973.056
2162,354561.032
2163,261495.397
2164,179945.691
2165,144272.305
2166,200958.786
2167,208505.729
2168,195303.509
2169,220166.951
2170,147522.014
2171,140463.878
2172,158851.742
2173,235763.026
2174,287549.768
2175,314352.278
2176,251151.747
2177,218313.253
2178,145314.79
2179,214544.713
2180,196738.593
2181,229995.32
2182,195257.544
2183,136395.075
2184,130488.724
2185,140167.643
2186,152844.549
2187,152901.414
2188,216907.944
2189,87649.628
2190,90911.749
2191,95235.512
2192,100805.608
2193,106920.952
2194,113249.977
2195,118340.409
2196,114841.925
2197,152003.372
2198,171342.171
2199,135899.992
2200,133991.204
2201,181278.179
2202,166373.976
2203,174061.392
2204,119146.151
2205,135258.627
2206,213361.417
2207,228057.927
2208,195416.665
2209,123309.379
2210,113569.469
2211,114246.13
2212,103846.966
2213,148645.533
2214,105835.476
2215,146018.375
2216,85948.718
2217,90150.343
2218,79213.897
2219,86609.249
2220,326900.888
2221,257050.052
2222,302214.748
2223,226272.735
2224,141206.848
2225,187899.322
2226,204272.818
2227,279849.905
2228,237865.635
2229,160747.152
2230,214785.664
2231,186337.981
2232,182295.609
2233,242033.603
2234,219874.912
2235,269386.514
2236,346968.46
2237,203164.234
2238,118566.292
2239,160992.164
2240,150800.323
2241,136388.362
2242,132898.055
2243,97098.873
2244,99287.875
2245,145058.42
2246,107594.354
2247,126769.014
2248,126753.864
2249,134205.281
2250,134886.171
2251,175906.705
2252,161230.364
2253,176804.755
2254,185595.594
2255,181026.407
2256,204308.326
2257,171941.51
2258,178464.021
2259,156101.778
2260,186712.767
2261,202628.028
2262,344401.483
2263,427801.208
2264,164316.155
2265,286366.901
2266,345876.623
2267,382330.757
2268,161624.006
2269,181211.448
2270,218987.608
2271,200975.792
2272,164667.661
2273,170557.356
2274,169488.83
2275,178323.298
2276,181309.149
2277,148477.196
2278,126629.061
2279,120323.065
2280,183989.445
2281,187494.52
2282,97689.054
2283,111009.653
2284,141968.013
2285,127974.109
2286,345974.299
2287,277807.194
2288,358197.897
2289,414093.156
2290,332398.098
2291,399021.736
2292,439206.875
2293,388883.526
2294,435984.24
2295,277112.377
2296,326028.037
2297,335515.82
2298,371725.668
2299,325398.765
2300,306919.76
2301,236048.632
2302,250952.911
2303,245321.997
2304,186330.044
2305,186737.121
2306,193145.017
2307,222061.377
2308,279700.778
2309,230185.558
2310,193422.917
2311,178639.193
2312,177013.203
2313,176772.911
2314,174806.454
2315,201960.097
2316,179882.299
2317,177557.24
2318,175631.292
2319,182853.384
2320,242451.419
2321,171093.945
2322,178129.35
2323,172551.93
2324,218444.643
2325,168560.587
2326,213844.575
2327,222919.399
2328,182957.093
2329,177611.932
2330,347905.736
2331,380019.76
2332,305884.65
2333,265654.054
2334,269538.873
2335,313815.767
2336,202498.691
2337,264287.432
2338,236462.062
2339,380419.368
2340,222455.79
2341,236494.913
2342,220749.046
2343,237536.56
2344,241420.83
2345,213460.919
2346,197363.347
2347,229027.472
2348,177587.756
2349,304042.249
2350,267840.339
2351,251837.918
2352,266036.791
2353,128145.863
2354,148860.053
2355,154437.726
2356,202369.823
2357,201597.699
2358,125145.535
2359,124089.308
2360,138384.92
2361,267122.638
2362,139602.616
2363,151508.454
2364,216491.976
2365,192557.836
2366,235144.504
2367,203221.678
2368,228432.235
2369,172012.482
2370,172378.582
2371,186608.547
2372,259248.772
2373,286913.462
2374,247714.904
2375,256255.737
2376,305117.708
2377,145667.688
2378,189469.848
2379,144062.707
2380,159406.066
2381,191931.898
2382,209716.747
2383,244884.545
2384,156689.382
2385,141328.219
2386,137225.237
2387,113184.138
2388,130019.089
2389,147805.691
2390,136529.014
2391,115610.278
2392,161151.603
2393,147312.017
2394,198862.707
2395,151243.1
2396,197426.749
2397,130953.018
2398,66832.451
2399,66615.522
2400,119611.006
2401,136484.628
2402,134171.834
2403,151261.632
2404,160558.693
2405,134507.016
2406,127076.781
2407,139840.543
2408,139374.795
2409,161939.389
2410,122019.655
2411,151415.388
2412,138831.782
2413,134969.726
2414,132727.478
2415,124727.678
2416,131895.513
2417,129302.297
2418,133396.404
2419,126491.804
2420,149568.22
2421,120879.443
2422,133124.812
2423,152808.599
2424,227522.245
2425,127454.524
2426,138395.691
2427,168556.221
2428,117542.634
2429,129779.329
2430,122757.362
2431,136624.884
2432,144498.191
2433,142056.403
2434,151809.549
2435,111441.993
2436,113440.732
2437,122840.446
2438,114677.879
2439,121455.073
2440,101831.009
2441,107938.802
2442,119343.3
2443,131495.563
2444,91034.999
2445,133566.007
2446,197496.41
2447,152327.934
2448,111438.225
2449,146744.187
2450,131607.279
2451,208592.801
2452,102433.294
2453,133271.603
2454,110675.337
2455,126910.345
2456,120905.015
2457,117423.999
2458,112988.997
2459,136474.379
2460,119524.517
2461,132517.032
2462,118195.872
2463,159440.066
2464,128753.797
2465,117868.403
2466,144561.138
2467,95533.501
2468,95428.236
2469,183091.107
2470,188072.388
2471,167122.7
2472,117027.051
2473,114503.412
2474,218324.63
2475,109244.33
2476,130634.368
2477,160666.394
2478,118955.441
2479,151567.605
2480,130938.423
2481,132112.877
2482,118720.316
2483,129873.126
2484,128878.148
2485,155774.5
2486,196647.943
2487,141953.405
2488,156365.356
2489,152150.898
2490,97172.569
2491,182128.531
2492,150689.841
2493,157747.707
2494,105060.066
2495,227237.227
2496,143417.724
2497,115999.128
2498,95025.021
2499,137478.156
2500,132291.232
2501,137620.117
2502,108307.086
2503,188541.071
2504,221866.329
2505,257717.898
2506,323130.283
2507,255566.326
2508,224122.86
2509,230420.015
2510,185837.592
2511,215058.023
2512,219284.634
2513,251683.955
2514,150748.568
2515,170478.582
2516,135608.618
2517,142815.305
2518,229062.876
2519,208672.825
2520,195046.94
2521,220682.365
2522,129276.725
2523,138661.664
2524,144834.233
2525,138594.84
2526,123487.925
2527,129377.755
2528,128583.73
2529,120024.689
2530,236330.612
2531,229750.839
2532,200206.05
2533,245902.318
2534,285121.555
2535,233899.882
2536,223561.356
2537,181824.917
2538,186487.913
2539,181100.229
2540,178962.614
2541,172822.163
2542,130575.743
2543,128360.383
2544,136049.767
2545,142124.614
2546,135162.937
2547,155385.274
2548,162514.202
2549,390765.125
2550,146709.048
2551,127483.305
2552,89085.633
2553,117272.656
2554,117428.634
2555,108328.899
2556,116808.39
2557,157518.308
2558,131911.246
2559,132519.395
2560,128634.737
2561,132081.844
2562,150289.542
2563,172139.698
2564,140564.089
2565,158062.209
2566,127412.645
2567,185909.456
2568,185085.89
2569,123067.032
2570,191497.313
2571,166555.339
2572,218261.754
2573,283392.859
2574,124026.81
2575,131983.244
2576,148336.28
2577,96135.174
2578,87041.014
2579,137268.639
2580,129995.069
2581,115066.128
2582,268492.52
2583,163098.298
2584,201822.272
2585,204608.035
2586,190478.946
2587,141443.161
2588,144812.536
2589,218261.762
2590,216282.306
2591,225579.98
2592,261957.896
2593,172363.657
2594,211410.771
2595,327216.909
2596,198945.444
2597,269314.928
2598,329115.264
2599,169718.323
2600,145045.433
2601,87303.76
2602,95260.409
2603,88349.061
2604,87407.515
2605,149449.018
2606,179295.153
2607,192704.866
2608,161829.367
2609,109725.367
2610,138339.634
2611,150803.051
2612,128179.553
2613,125381.212
2614,148217.458
2615,139212.233
2616,177698.524
2617,188147.059
2618,213627.522
2619,184189.729
2620,183931.889
2621,188017.659
2622,247449.356
2623,290269.952
2624,311024.623
2625,168634.302
2626,176525.991
2627,412839.089
2628,491450.536
2629,349680.736
2630,452709.576
2631,399141.246
2632,302486.535
2633,377238.931
2634,153974.688
2635,191844.29
2636,176186.523
2637,249516.309
2638,181069.179
2639,152400.562
2640,114295.588
2641,196179.089
2642,109311.909
2643,135049.477
2644,99992.83
2645,92518.211
2646,99051.021
2647,136367.639
2648,140918.921
2649,141337.043
2650,149540.284
2651,421306.631
2652,258334.272
2653,267982.817
2654,360267.367
2655,320501.544
2656,314417.049
2657,281688.996
2658,302395.753
2659,336553.828
2660,341155.638
2661,340685.071
2662,271847.115
2663,280865.767
2664,321144.479
2665,293491.602
2666,170333.854
2667,176573.82
2668,179729.138
2669,282684.108
2670,178346.419
2671,184919.551
2672,204932.555
2673,205369.73
2674,168430.376
2675,187656.428
2676,194368.235
2677,258163.956
2678,281691.931
2679,281111.955
2680,388664.551
2681,321263.855
2682,516410.506
2683,313082.392
2684,335101.386
2685,261604.046
2686,307348.681
2687,229480.562
2688,208112.749
2689,437744.326
2690,197543.031
2691,133615.585
2692,195284.324
2693,130066.033
2694,193204.731
2695,186048.512
2696,199762.619
2697,200010.841
2698,180592.833
2699,170611.037
2700,164508.47
2701,127540.275
2702,133782.427
2703,142032.797
2704,127979.975
2705,121922.955
2706,130521.761
2707,134877.637
2708,108213.851
2709,125609.777
2710,271110.708
2711,366278.161
2712,173438.451
2713,149983.073
2714,172558.833
2715,159493.942
2716,188848.919
2717,239635.093
2718,155505.007
2719,165427.056
2720,143180.61
2721,161878.066
2722,148253.617
2723,128414.38
2724,137070.587
2725,145904.708
2726,167625.572
2727,166062.186
2728,156294.226
2729,143226.846
2730,119089.469
2731,123257.123
2732,158389.589
2733,155724.925
2734,133341.412
2735,151661.873
2736,123583.684
2737,136584.156
2738,160506.416
2739,139428.46
2740,149207.386
2741,154715.062
2742,148821.812
2743,147740.573
2744,136863.477
2745,132793.393
2746,158565.519
2747,125881.901
2748,131874.675
2749,135704.08
2750,128363.632
2751,226221.556
2752,149458.659
2753,224162.75
2754,124048.86
2755,99503.511
2756,82439.928
2757,96222.651
2758,154407.956
2759,144556.212
2760,148178.298
2761,145370.265
2762,178888.41
2763,171014.165
2764,250068.376
2765,136276.855
2766,91213.923
2767,130493.684
2768,133524.149
2769,144956.819
2770,119312.179
2771,118857.648
2772,166284.864
2773,135824.155
2774,136332.782
2775,136782.877
2776,143845.931
2777,111809.759
2778,147971.828
2779,104304.77
2780,101988.749
2781,103711.387
2782,110061.149
2783,125243.701
2784,139691.405
2785,81861.118
2786,116602.089
2787,92524.63
2788,172341.789
2789,95789.789
2790,124190.598
2791,78537.08
2792,167684.389
2793,107491.886
2794,118640.761
2795,101093.181
2796,195873.613
2797,115961.437
2798,124129.238
2799,77459.662
2800,110329.105
2801,134109.245
2802,160037.72
2803,150148.868
2804,101448.523
2805,96904.262
2806,148349.97
2807,151030.783
2808,132906.712
2809,136854.716
2810,160668.116
2811,144352.263
2812,164155.159
2813,157721.5
2814,104488.43
2815,240119.281
2816,153445.94
2817,131628.409
2818,171647.194
2819,143404.691
2820,111857.328
2821,188968.096
2822,258815.195
2823,181511.351
2824,159327.02
2825,136399.09
2826,136208.062
2827,238391.362
2828,203982.485
2829,233209.88
2830,191288.658
2831,229105.546
2832,298463.962
2833,218318.196
2834,221050.99
2835,195211.687
2836,162874.66
2837,147857.412
2838,182553.949
2839,191862.528
2840,202559.248
2841,219235.917
2842,146196.012
2843,154605.595
2844,122663.608
2845,213019.744
2846,198967.727
2847,208788.402
2848,211774.663
2849,272387.877
2850,234605.357
2851,228175.156
2852,241824.897
2853,138578.8
2854,196275.15
2855,209795.021
2856,188289.53
2857,193425.077
2858,138138.836
2859,125364.422
2860,133916.848
2861,197707.006
2862,121615.284
2863,255525.571
2864,142727.055
2865,133394.29
2866,98972.583
2867,119774.932
2868,122723.132
2869,148200.257
2870,105698.208
2871,67922.105
2872,107383.205
2873,130637.834
2874,114028.596
2875,157042.5
2876,142125.509
2877,168850.713
2878,135924.636
2879,106679.014
2880,153488.431
2881,161746.013
2882,175914.237
2883,186275.42
2884,182949.704
2885,202256.711
2886,100042.187
2887,122176.142
2888,67078.296
2889,90523.077
2890,138959.485
2891,65587.433
2892,109444.197
2893,66962.978
2894,303731.764
2895,284787.054
2896,200548.185
2897,150234.872
2898,229763.171
2899,157218.892
2900,197697.208
2901,187779.26
2902,339249.001
2903,330491.816
2904,121589.603
2905,200202.345
2906,117509.115
2907,128074.77
2908,147927.524
2909,83850.561
2910,87209.979
2911,156807.656
2912,89831.04
2913,86693.261
2914,87383.323
2915,88721.371
2916,157107.166
2917,113749.388
2918,228402.318
